         0.00000000000              0.00000000000
        4.040404040404E-02        -8.326740954789E-04
        8.080808080808E-02        -3.428005756829E-03
          0.121212121212          -7.912103311677E-03
          0.161616161616          -1.440540467203E-02
          0.202020202020          -2.302112915942E-02
          0.242424242424          -3.386366119259E-02
          0.282828282828          -4.702687558769E-02
          0.323232323232          -6.259241574843E-02
          0.363636363636          -8.062793754951E-02
          0.404040404040            -0.101185333214
          0.444444444444            -0.124298950924
          0.484848484848            -0.149983827268
          0.525252525253            -0.178233950836
          0.565656565657            -0.209020576405
          0.606060606061            -0.242290609994
          0.646464646465            -0.277965085808
          0.686868686869            -0.315937756507
          0.727272727273            -0.356073818397
          0.767676767677            -0.398208793050
          0.808080808081            -0.442147586418
          0.848484848485            -0.487663745796
          0.888888888889            -0.534498933913
          0.929292929293            -0.582362638135
          0.969696969697            -0.630932131094
           1.01010101010            -0.679852697214
           1.05050505051            -0.728738137480
           1.09090909091            -0.777171562561
           1.13131313131            -0.824706482001
           1.17171717172            -0.870868194782
           1.21212121212            -0.915155484138
           1.25252525253            -0.957042617189
           1.29292929293            -0.995981647816
           1.33333333333             -1.03140501926
           1.37373737374             -1.06272846132
           1.41414141414             -1.08935417573
           1.45454545455             -1.11067430257
           1.49494949495             -1.12607465997
           1.53535353535             -1.13493874970
           1.57575757576             -1.13665202159
           1.61616161616             -1.13060639103
           1.65656565657             -1.11620500491
           1.69696969697             -1.09286725382
           1.73737373737             -1.06003402989
           1.77777777778             -1.01717323270
           1.81818181818            -0.963785527694
           1.85858585859            -0.899410364373
           1.89898989899            -0.823632263711
           1.93939393939            -0.736087385987
           1.97979797980            -0.636470391669
           2.02020202020            -0.524541608232
           2.06060606061            -0.400134515162
           2.10101010101            -0.263163557251
           2.14141414141            -0.113632292476
           2.18181818182           4.835812502217E-02
           2.22222222222             0.222600134562
           2.26262626263             0.408770649686
           2.30303030303             0.606421662530
           2.34343434343             0.814970621595
           2.38383838384              1.03369065377
           2.42424242424              1.26170072655
           2.46464646465              1.49795587578
           2.50505050505              1.74123765800
           2.54545454545              1.99014502490
           2.58585858586              2.24308585978
           2.62626262626              2.49826946253
           2.66666666667              2.75370031964
           2.70707070707              3.00717354753
           2.74747474747              3.25627245071
           2.78787878788              3.49836868764
           2.82828282828              3.73062558526
           2.86868686869              3.95000518372
           2.90909090909              4.15327962242
           2.94949494949              4.33704749233
           2.98989898990              4.49775577168
           3.03030303030              4.63172792745
           3.07070707071              4.73519869642
           3.11111111111              4.80435595087
           3.15151515152              4.83538990024
           3.19191919192              4.82454967494
           3.23232323232              4.76820708145
           3.27272727273              4.66292700708
           3.31313131313              4.50554359418
           3.35353535354              4.29324090507
           3.39393939394              4.02363637577
           3.43434343434              3.69486492976
           3.47474747475              3.30566122017
           3.51515151515              2.85543712164
           3.55555555556              2.34435134036
           3.59595959596              1.77336788916
           3.63636363636              1.14430022056
           3.67676767677             0.459838054915
           3.71717171717            -0.276445600030
           3.75757575758             -1.06010906304
           3.79797979798             -1.88587917168
           3.83838383838             -2.74771095328
           3.87878787879             -3.63886852558
           3.91919191919             -4.55202479991
           3.95959595960             -5.47937644046
           4.00000000000             -6.41276956448
