         0.00000000000              0.00000000000
        4.040404040404E-02        -8.489734200589E-04
        8.080808080808E-02        -3.529430081392E-03
          0.121212121212          -8.245587183789E-03
          0.161616161616          -1.520455784441E-02
          0.202020202020          -2.461495906810E-02
          0.242424242424          -3.668539488632E-02
          0.282828282828          -5.162281725528E-02
          0.323232323232          -6.963076856915E-02
          0.363636363636          -9.090751098361E-02
          0.404040404040            -0.115644049153
          0.444444444444            -0.144022054455
          0.484848484848            -0.176211700306
          0.525252525253            -0.212369419739
          0.565656565657            -0.252635598034
          0.606060606061            -0.297132214826
          0.646464646465            -0.345960451771
          0.686868686869            -0.399198283518
          0.727272727273            -0.456898071364
          0.767676767677            -0.519084180608
          0.808080808081            -0.585750644206
          0.848484848485            -0.656858896819
          0.888888888889            -0.732335604839
          0.929292929293            -0.812070619294
          0.969696969697            -0.895915079781
           1.01010101010            -0.983679698690
           1.05050505051             -1.07513325592
           1.09090909091             -1.17000133504
           1.13131313131             -1.26796533253
           1.17171717172             -1.36866177181
           1.21212121212             -1.47168195438
           1.25252525253             -1.57657197969
           1.29292929293             -1.68283316522
           1.33333333333             -1.78992289772
           1.37373737374             -1.89725594495
           1.41414141414             -2.00420625643
           1.45454545455             -2.11010927965
           1.49494949495             -2.21426481617
           1.53535353535             -2.31594043947
           1.57575757576             -2.41437549363
           1.61616161616             -2.50878568852
           1.65656565657             -2.59836830350
           1.69696969697             -2.68230800746
           1.73737373737             -2.75978329860
           1.77777777778             -2.82997356230
           1.81818181818             -2.89206674009
           1.85858585859             -2.94526759708
           1.89898989899             -2.98880656898
           1.93939393939             -3.02194916347
           1.97979797980             -3.04400588383
           2.02020202020             -3.05434263568
           2.06060606061             -3.05239157034
           2.10101010101             -3.03766231070
           2.14141414141             -3.00975349783
           2.18181818182             -2.96836458851
           2.22222222222             -2.91330782623
           2.26262626263             -2.84452029987
           2.30303030303             -2.76207599673
           2.34343434343             -2.66619774864
           2.38383838384             -2.55726896234
           2.42424242424             -2.43584501821
           2.46464646465             -2.30266421433
           2.50505050505             -2.15865812667
           2.54545454545             -2.00496125023
           2.58585858586             -1.84291978083
           2.62626262626             -1.67409939279
           2.66666666667             -1.50029186421
           2.70707070707             -1.32352039890
           2.74747474747             -1.14604349262
           2.78787878788            -0.970357190798
           2.82828282828            -0.799195585749
           2.86868686869            -0.635529403996
           2.90909090909            -0.482562537666
           2.94949494949            -0.343726379527
           2.98989898990            -0.222671828054
           3.03030303030            -0.123258837636
           3.07070707071          -4.954339950669E-02
           3.11111111111          -5.761851310664E-03
           3.15151515152           3.687572506934E-03
           3.19191919192          -2.573397886793E-02
           3.23232323232          -9.868180792682E-02
           3.27272727273            -0.219900586607
           3.31313131313            -0.394194345398
           3.35353535354            -0.626393546796
           3.39393939394            -0.921319282144
           3.43434343434             -1.28374465886
           3.47474747475             -1.71835347472
           3.51515151515             -2.22969630723
           3.55555555556             -2.82214417926
           3.59595959596             -3.49983999616
           3.63636363636             -4.26664798553
           3.67676767677             -5.12610140732
           3.71717171717             -6.08134883930
           3.75757575758             -7.13509938132
           3.79797979798             -8.28956715975
           3.83838383838             -9.54641555215
           3.87878787879             -10.9067015901
           3.91919191919             -12.3708210354
           3.95959595960             -13.9384546612
           4.00000000000             -15.6085163051
