         0.00000000000              0.00000000000
        2.020202020202E-04            28489.5593157
        4.040404040404E-04           -210320.733766
        6.060606060606E-04            1797242.31702
        8.080808080808E-04           -15073469.0656
        1.010101010101E-03            126706887.875
        1.212121212121E-03           -1064799815.92
        1.414141414141E-03            8948499260.30
        1.616161616162E-03           -75202223864.3
        1.818181818182E-03            631991700359.
        2.020202020202E-03        -5.311192473516E+12
        2.222222222222E-03         4.463470909546E+13
        2.424242424242E-03        -3.751054521571E+14
        2.626262626263E-03         3.152347200296E+15
        2.828282828283E-03        -2.649199795402E+16
        3.030303030303E-03         2.226359950233E+17
        3.232323232323E-03        -1.871009742868E+18
        3.434343434343E-03         1.572377125064E+19
        3.636363636364E-03        -1.321409379535E+20
        3.838383838384E-03         1.110498696838E+21
        4.040404040404E-03        -9.332515530602E+21
        4.242424242424E-03         7.842948972107E+22
        4.444444444444E-03        -6.591132731296E+23
        4.646464646465E-03         5.539119384312E+24
        4.848484848485E-03        -4.655018310885E+25
        5.050505050505E-03         3.912028965479E+26
        5.252525252525E-03        -3.287628448412E+27
        5.454545454545E-03         2.762888749083E+28
        5.656565656566E-03        -2.321902964278E+29
        5.858585858586E-03         1.951303098002E+30
        6.060606060606E-03        -1.639854825482E+31
        6.262626262626E-03         1.378116937041E+32
        6.464646464646E-03        -1.158155138276E+33
        6.666666666667E-03         9.733015307074E+33
        6.868686868687E-03        -8.179524818128E+34
        7.070707070707E-03         6.873987571122E+35
        7.272727272727E-03        -5.776827649355E+36
        7.474747474747E-03         4.854785864110E+37
        7.676767676768E-03        -4.079911539163E+38
        7.878787878788E-03         3.428715216968E+39
        8.080808080808E-03        -2.881456601748E+40
        8.282828282828E-03         2.421546154276E+41
        8.484848484848E-03        -2.035042198357E+42
        8.686868686869E-03         1.710228294339E+43
        8.888888888889E-03        -1.437258068221E+44
        9.090909090909E-03         1.207856729715E+45
        9.292929292929E-03        -1.015070231141E+46
        9.494949494949E-03         8.530544631657E+46
        9.696969696970E-03        -7.168980970992E+47
        9.898989898990E-03         6.024737033989E+48
        1.010101010101E-02        -5.063126332124E+49
        1.030303030303E-02         4.254998701258E+50
        1.050505050505E-02        -3.575856646680E+51
        1.070707070707E-02         3.005112728666E+52
        1.090909090909E-02        -2.525465477028E+53
        1.111111111111E-02         2.122374916195E+54
        1.131313131313E-02        -1.783621801948E+55
        1.151515151515E-02         1.498937208552E+56
        1.171717171717E-02        -1.259691237643E+57
        1.191919191919E-02         1.058631412405E+58
        1.212121212121E-02        -8.896628267624E+58
        1.232323232323E-02         7.476633850539E+59
        1.252525252525E-02        -6.283285313658E+60
        1.272727272727E-02         5.280407616855E+61
        1.292929292929E-02        -4.437599632717E+62
        1.313131313131E-02         3.729312570005E+63
        1.333333333333E-02        -3.134075490331E+64
        1.353535353535E-02         2.633844440419E+65
        1.373737373737E-02        -2.213455469636E+66
        1.393939393939E-02         1.860164951610E+67
        1.414141414141E-02        -1.563263275303E+68
        1.434343434343E-02         1.313750195000E+69
        1.454545454545E-02        -1.104061997829E+70
        1.474747474747E-02         9.278422181693E+70
        1.494949494949E-02        -7.797489484381E+71
        1.515151515152E-02         6.552929050695E+72
        1.535353535354E-02        -5.507013408541E+73
        1.555555555556E-02         4.628036782824E+74
        1.575757575758E-02        -3.889353969967E+75
        1.595959595960E-02         3.268572618057E+76
        1.616161616162E-02        -2.746874427477E+77
        1.636363636364E-02         2.308444694986E+78
        1.656565656566E-02        -1.939992908486E+79
        1.676767676768E-02         1.630349859866E+80
        1.696969696970E-02        -1.370129062811E+81
        1.717171717172E-02         1.151442211865E+82
        1.737373737374E-02        -9.676600571816E+82
        1.757575757576E-02         8.132114461462E+83
        1.777777777778E-02        -6.834144400558E+84
        1.797979797980E-02         5.743343863274E+85
        1.818181818182E-02        -4.826646438596E+86
        1.838383838384E-02         4.056263458677E+87
        1.858585858586E-02        -3.408841616123E+88
        1.878787878788E-02         2.864755034329E+89
        1.898989898990E-02        -2.407510330752E+90
        1.919191919192E-02         2.023246638272E+91
        1.939393939394E-02        -1.700315428346E+92
        1.959595959596E-02         1.428927398757E+93
        1.979797979798E-02        -1.200855721756E+94
        2.000000000000E-02         1.009186656878E+95
