         0.00000000000                40.0000000000
        2.020202020202E-04            44.3268905197
        4.040404040404E-04            16.1508658278
        6.060606060606E-04            261.302110145
        8.080808080808E-04           -1790.38064111
        1.010101010101E-03            15460.4743950
        1.212121212121E-03           -129505.002455
        1.414141414141E-03            1088778.89141
        1.616161616162E-03           -9149542.92070
        1.818181818182E-03            76892258.0676
        2.020202020202E-03           -646194077.388
        2.222222222222E-03            5430548277.94
        2.424242424242E-03           -45637762344.0
        2.626262626263E-03            383535007844.
        2.828282828283E-03        -3.223188308882E+12
        3.030303030303E-03         2.708733926200E+13
        3.232323232323E-03        -2.276391814457E+14
        3.434343434343E-03         1.913056001115E+15
        3.636363636364E-03        -1.607712363117E+16
        3.838383838384E-03         1.351104746025E+17
        4.040404040404E-03        -1.135454373936E+18
        4.242424242424E-03         9.542240444965E+18
        4.444444444444E-03        -8.019199608512E+19
        4.646464646465E-03         6.739251932716E+20
        4.848484848485E-03        -5.663597220401E+21
        5.050505050505E-03         4.759628189476E+22
        5.252525252525E-03        -3.999942019261E+23
        5.454545454545E-03         3.361509664312E+24
        5.656565656566E-03        -2.824977754389E+25
        5.858585858586E-03         2.374081918467E+26
        6.060606060606E-03        -1.995153748320E+27
        6.262626262626E-03         1.676706455861E+28
        6.464646464646E-03        -1.409086663869E+29
        6.666666666667E-03         1.184181774546E+30
        6.868686868687E-03        -9.951740450908E+30
        7.070707070707E-03         8.363339153757E+31
        7.272727272727E-03        -7.028463226690E+32
        7.474747474747E-03         5.906647383389E+33
        7.676767676768E-03        -4.963885018165E+34
        7.878787878788E-03         4.171597333347E+35
        8.080808080808E-03        -3.505767004656E+36
        8.282828282828E-03         2.946210122603E+37
        8.484848484848E-03        -2.475964339616E+38
        8.686868686869E-03         2.080774675241E+39
        8.888888888889E-03        -1.748661392189E+40
        9.090909090909E-03         1.469556843861E+41
        9.292929292929E-03        -1.235000284780E+42
        9.494949494949E-03         1.037881392462E+43
        9.696969696970E-03        -8.722247258507E+43
        9.898989898990E-03         7.330085864445E+44
        1.010101010101E-02        -6.160127910583E+45
        1.030303030303E-02         5.176907416434E+46
        1.050505050505E-02        -4.350619140925E+47
        1.070707070707E-02         3.656215069502E+48
        1.090909090909E-02        -3.072645111291E+49
        1.111111111111E-02         2.582218988893E+50
        1.131313131313E-02        -2.170069977198E+51
        1.151515151515E-02         1.823704235075E+52
        1.171717171717E-02        -1.532622068403E+53
        1.191919191919E-02         1.287999643461E+54
        1.212121212121E-02        -1.082421502180E+55
        1.232323232323E-02         9.096557707379E+55
        1.252525252525E-02        -7.644652471980E+56
        1.272727272727E-02         6.424486415333E+57
        1.292929292929E-02        -5.399071553884E+58
        1.313131313131E-02         4.537323571016E+59
        1.333333333333E-02        -3.813119530391E+60
        1.353535353535E-02         3.204505988052E+61
        1.373737373737E-02        -2.693033498063E+62
        1.393939393939E-02         2.263197337977E+63
        1.414141414141E-02        -1.901967500334E+64
        1.434343434343E-02         1.598393702406E+65
        1.454545454545E-02        -1.343273440500E+66
        1.474747474747E-02         1.128873026236E+67
        1.494949494949E-02        -9.486931483509E+67
        1.515151515152E-02         7.972718532647E+68
        1.535353535354E-02        -6.700189720069E+69
        1.555555555556E-02         5.630769743230E+70
        1.575757575758E-02        -4.732040319144E+71
        1.595959595960E-02         3.976757460012E+72
        1.616161616162E-02        -3.342025601892E+73
        1.636363636364E-02         2.808603551011E+74
        1.656565656566E-02        -2.360321208278E+75
        1.676767676768E-02         1.983589390621E+76
        1.696969696970E-02        -1.666987889947E+77
        1.717171717172E-02         1.400919282170E+78
        1.737373737374E-02        -1.177317991925E+79
        1.757575757576E-02         9.894057935760E+79
        1.777777777778E-02        -8.314863368059E+80
        1.797979797980E-02         6.987724680650E+81
        1.818181818182E-02        -5.872411133072E+82
        1.838383838384E-02         4.935113229535E+83
        1.858585858586E-02        -4.147417821476E+84
        1.878787878788E-02         3.485446794402E+85
        1.898989898990E-02        -2.929133229284E+86
        1.919191919192E-02         2.461613096110E+87
        1.939393939394E-02        -2.068714039484E+88
        1.959595959596E-02         1.738525759358E+89
        1.979797979798E-02        -1.461038963463E+90
        2.000000000000E-02         1.227841946700E+91
