         0.00000000000              0.00000000000
        4.040404040404E-02        -8.494349470382E-04
        8.080808080808E-02        -3.532062518361E-03
          0.121212121212          -8.252314001422E-03
          0.161616161616          -1.521752274304E-02
          0.202020202020          -2.463653098311E-02
          0.242424242424          -3.671817172908E-02
          0.282828282828          -5.166962826222E-02
          0.323232323232          -6.969467513330E-02
          0.363636363636          -9.099180584554E-02
          0.404040404040            -0.115752253832
          0.444444444444            -0.144157914810
          0.484848484848            -0.176379180113
          0.525252525253            -0.212572692196
          0.565656565657            -0.252879035101
          0.606060606061            -0.297420374320
          0.646464646465            -0.346298062169
          0.686868686869            -0.399590226394
          0.727272727273            -0.457349361458
          0.767676767677            -0.519599943494
          0.808080808081            -0.586336091575
          0.848484848485            -0.657519299408
          0.888888888889            -0.733076263053
          0.929292929293            -0.812896831605
          0.969696969697            -0.896832109005
           1.01010101010            -0.984692736280
           1.05050505051             -1.07624738442
           1.09090909091             -1.17122148894
           1.13131313131             -1.26929625763
           1.17171717172             -1.37010798354
           1.21212121212             -1.47324769517
           1.25252525253             -1.57826117579
           1.29292929293             -1.68464938340
           1.33333333333             -1.79186930209
           1.37373737374             -1.89933525443
           1.41414141414             -2.00642070327
           1.45454545455             -2.11246056954
           1.49494949495             -2.21675409032
           1.53535353535             -2.31856823940
           1.57575757576             -2.41714172903
           1.61616161616             -2.51168960891
           1.65656565657             -2.60140847425
           1.69696969697             -2.68548229075
           1.73737373737             -2.76308884004
           1.77777777778             -2.83340678377
           1.81818181818             -2.89562333952
           1.85858585859             -2.94894255579
           1.89898989899             -2.99259416717
           1.93939393939             -3.02584300457
           1.97979797980             -3.04799892824
           2.02020202020             -3.05842724457
           2.06060606061             -3.05655955998
           2.10101010101             -3.04190501786
           2.14141414141             -3.01406185669
           2.18181818182             -2.97272921956
           2.22222222222             -2.91771913739
           2.26262626263             -2.84896860022
           2.30303030303             -2.76655162294
           2.34343434343             -2.67069120429
           2.38383838384             -2.56177107011
           2.42424242424             -2.44034708478
           2.46464646465             -2.30715820793
           2.50505050505             -2.16313686681
           2.54545454545             -2.00941860929
           2.58585858586             -1.84735089684
           2.62626262626             -1.67850089269
           2.66666666667             -1.50466209682
           2.70707070707             -1.32785967647
           2.74747474747             -1.15035433992
           2.78787878788            -0.974644600311
           2.82828282828            -0.803467277653
           2.86868686869            -0.639796089162
           2.90909090909            -0.486838182003
           2.94949494949            -0.348028467709
           2.98989898990            -0.227021624560
           3.03030303030            -0.127681642886
           3.07070707071          -5.406879874891E-02
           3.11111111111          -1.042395378931E-02
           3.15151515152          -1.150093294658E-03
           3.19191919192          -3.079103076815E-02
           3.23232323232            -0.104007225456
           3.27272727273            -0.225548679487
           3.31313131313            -0.400224903457
           3.35353535354            -0.632871963426
           3.39393939394            -0.928316648380
           3.43434343434             -1.29133782515
           3.47474747475             -1.72662507751
           3.51515151515             -2.23873475760
           3.55555555556             -2.83204361090
           3.59595959596             -3.51070017007
           3.63636363636             -4.27857414921
           3.67676767677             -5.13920410608
           3.71717171717             -6.09574367793
           3.75757575758             -7.15090673434
           3.79797979798             -8.30691182900
           3.83838383838             -9.56542637070
           3.87878787879             -10.9275109719
           3.91919191919             -12.3935644704
           3.95959595960             -13.9632701570
           4.00000000000             -15.6355437745
