         0.00000000000              0.00000000000
        4.040404040404E-02          0.00000000000
        8.080808080808E-02        -1.697946840118E-03
          0.121212121212          -5.290923472303E-03
          0.161616161616          -1.097927252752E-02
          0.202020202020          -1.896528064102E-02
          0.242424242424          -2.945174005643E-02
          0.282828282828          -4.264038958293E-02
          0.323232323232          -5.873023818658E-02
          0.363636363636          -7.791577577774E-02
          0.404040404040            -0.100385077107
          0.444444444444            -0.126317806096
          0.484848484848            -0.155883129400
          0.525252525253            -0.189237549520
          0.565656565657            -0.226522669348
          0.606060606061            -0.267862901607
          0.646464646465            -0.313363138277
          0.686868686869            -0.363106396711
          0.727272727273            -0.417151460754
          0.767676767677            -0.475530536779
          0.808080808081            -0.538246946117
          0.848484848485            -0.605272876870
          0.888888888889            -0.676547219524
          0.929292929293            -0.751973512162
          0.969696969697            -0.831418022300
           1.01010101010            -0.914707993531
           1.05050505051             -1.00163008611
           1.09090909091             -1.09192904149
           1.13131313131             -1.18530660135
           1.17171717172             -1.28142071228
           1.21212121212             -1.37988504722
           1.25252525253             -1.48026887500
           1.29292929293             -1.58209730872
           1.33333333333             -1.68485196348
           1.37373737374             -1.78797205257
           1.41414141414             -1.89085595051
           1.45454545455             -1.99286324944
           1.49494949495             -2.09331733344
           1.53535353535             -2.19150849324
           1.57575757576             -2.28669760094
           1.61616161616             -2.37812036132
           1.65656565657             -2.46499215283
           1.69696969697             -2.54651346758
           1.73737373737             -2.62187595522
           1.77777777778             -2.69026907096
           1.81818181818             -2.75088732300
           1.85858585859             -2.80293810902
           1.89898989899             -2.84565012574
           1.93939393939             -2.87828232909
           1.97979797980             -2.90013341633
           2.02020202020             -2.91055179448
           2.06060606061             -2.90894599219
           2.10101010101             -2.89479546527
           2.14141414141             -2.86766173808
           2.18181818182             -2.82719981574
           2.22222222222             -2.77316979417
           2.26262626263             -2.70544858724
           2.30303030303             -2.62404168259
           2.34343434343             -2.52909483007
           2.38383838384             -2.42090555923
           2.42424242424             -2.29993441509
           2.46464646465             -2.16681579467
           2.50505050505             -2.02236826011
           2.54545454545             -1.86760419856
           2.58585858586             -1.70373869331
           2.62626262626             -1.53219746650
           2.66666666667             -1.35462374944
           2.70707070707             -1.17288393404
           2.74747474747            -0.989071856792
           2.78787878788            -0.805511565869
           2.82828282828            -0.624758422432
           2.86868686869            -0.449598388936
           2.90909090909            -0.283045360226
           2.94949494949            -0.128336397918
           2.98989898990           1.107526534432E-02
           3.03030303030             0.131529577300
           3.07070707071             0.229171489161
           3.11111111111             0.299965355026
           3.15151515152             0.339711999087
           3.19191919192             0.344068526987
           3.23232323232             0.308570940687
           3.27272727273             0.228659597237
           3.31313131313           9.970753095291E-02
           3.35353535354          -8.294836432679E-02
           3.39393939394            -0.323973320970
           3.43434343434            -0.627997905891
           3.47474747475            -0.999578534500
           3.51515151515             -1.44315540329
           3.55555555556             -1.96300798570
           3.59595959596             -2.56320826903
           3.63636363636             -3.24757194432
           3.67676767677             -4.01960779685
           3.71717171717             -4.88246558095
           3.75757575758             -5.83888269987
           3.79797979798             -6.89113004906
           3.83838383838             -8.04095741818
           3.87878787879             -9.28953888513
           3.91919191919             -10.6374186715
           3.95959595960             -12.0844579649
           4.00000000000             -13.6297832490
