     0.001   -0.484356650009593     -0.484023233850217     -0.484356249657138   0.8169E-04   -.6876E-01   -.9667E-06
     0.002   -0.484357851071149     -0.483691015545101     -0.484356249655741   0.3297E-03   -.1373E+00   -.9669E-06
     0.003   -0.484359852856026     -0.483359591548660     -0.484356249649367   0.7429E-03   -.2058E+00   -.9683E-06
     0.004   -0.484362655387587     -0.483028958676898     -0.484356249632336   0.1322E-02   -.2740E+00   -.9718E-06
     0.005   -0.484366258698593     -0.482699113755114     -0.484356249596357   0.2065E-02   -.3421E+00   -.9792E-06
     0.006   -0.484370662831112     -0.482370053617805     -0.484356249530997   0.2975E-02   -.4101E+00   -.9927E-06
     0.007   -0.484375867836597     -0.482041775108744     -0.484356249423328   0.4049E-02   -.4778E+00   -.1015E-05
     0.008   -0.484381873775849     -0.481714275080897     -0.484356249258166   0.5289E-02   -.5455E+00   -.1049E-05
     0.009   -0.484388680719039     -0.481387550396420     -0.484356249017978   0.6695E-02   -.6129E+00   -.1099E-05
     0.010   -0.484396288745664     -0.481061597926585     -0.484356248682903   0.8265E-02   -.6802E+00   -.1168E-05
