           72.3300000000              319.000000000
           75.6367000000              319.982582321
           78.9434000000              321.019519063
           82.2501000000              322.165164643
           85.5568000000              323.473873482
           88.8635000000              325.000000000
           92.1702000000              326.765144196
           95.4769000000              328.659888393
           98.7836000000              330.542060491
           102.090300000              332.269488393
           105.397000000              333.700000000
           108.703700000              334.757640893
           112.010400000              335.631327366
           115.317100000              336.576193393
           118.623800000              337.847372947
           121.930500000              339.700000000
           125.237200000              342.290692232
           128.543900000              345.382002142
           131.850600000              348.637965937
           135.157300000              351.722619821
           138.464000000              354.300000000
           141.770700000              356.101990179
           145.077400000              357.131864064
           148.384100000              357.460742860
           151.690800000              357.159747770
           154.997500000              356.300000000
           158.304200000              354.965347050
           161.610900000              353.290541600
           164.917600000              351.423062625
           168.224300000              349.510389100
           171.531000000              347.700000000
           174.837700000              346.110221620
           178.144400000              344.742769535
           181.451100000              343.570206640
           184.757800000              342.565095830
           188.064500000              341.700000000
           191.371200000              340.951366470
           194.677900000              340.311180260
           197.984600000              339.775310815
           201.291300000              339.339627580
           204.598000000              339.000000000
           207.904700000              338.761112500
           211.211400000              338.662909426
           214.518100000              338.754150101
           217.824800000              339.083593851
           221.131500000              339.700000000
           224.438200000              340.621783529
           227.744900000              341.745982038
           231.051600000              342.939288782
           234.358300000              344.068397018
           237.665000000              345.000000000
           240.971700000              345.634953384
           244.278400000              346.010762424
           247.585100000              346.199094771
           250.891800000              346.271618079
           254.198500000              346.300000000
           257.505200000              346.329602934
           260.811900000              346.300568267
           264.118600000              346.126732133
           267.425300000              345.721930666
           270.732000000              345.000000000
           274.038700000              343.896234881
           277.345400000              342.431764509
           280.652100000              340.649176696
           283.958800000              338.591059256
           287.265500000              336.300000000
           290.572200000              333.814257542
           293.878900000              331.154773697
           297.185600000              328.338161081
           300.492300000              325.381032310
           303.799000000              322.300000000
           307.105700000              319.133134951
           310.412400000              316.004340703
           313.719100000              313.058978979
           317.025800000              310.442411503
           320.332500000              308.300000000
           323.639200000              306.728402654
           326.945900000              305.629463492
           330.252600000              304.856323003
           333.559300000              304.262121676
           336.866000000              303.700000000
           340.172700000              303.055654435
           343.479400000              302.345005330
           346.786100000              301.616529008
           350.092800000              300.918701791
           353.399500000              300.300000000
           356.706200000              299.794579608
           360.012900000              299.379315188
           363.319600000              299.016760965
           366.626300000              298.669471161
           369.933000000              298.300000000
           373.239700000              297.878027133
           376.546400000              297.401733916
           379.853100000              296.876427133
           383.159800000              296.307413566
           386.466500000              295.700000000
           389.773200000              295.059711860
           393.079900000              294.392949147
           396.386600000              293.706330503
           399.693300000              293.006474573
