          -10.0000000000             0.129776000000
          -9.80000000000             0.143824657373
          -9.60000000000             0.157619430554
          -9.40000000000             0.170749916074
          -9.20000000000             0.182825331167
          -9.00000000000             0.193452000000
          -8.80000000000             0.202224905734
          -8.60000000000             0.208727840637
          -8.40000000000             0.212538731800
          -8.20000000000             0.213238045319
          -8.00000000000             0.210419000000
          -7.80000000000             0.203698814980
          -7.60000000000             0.192730489934
          -7.40000000000             0.177214753206
          -7.20000000000             0.156911868270
          -7.00000000000             0.131653000000
          -6.80000000000             0.101350833835
          -6.60000000000           6.600912852091E-02
          -6.40000000000           2.573087594003E-02
          -6.20000000000          -1.927525531275E-02
          -6.00000000000          -6.869050000000E-02
          -5.80000000000            -0.122083877939
          -5.60000000000            -0.178912612759
          -5.40000000000            -0.238525268576
          -5.20000000000            -0.300167720345
          -5.00000000000            -0.362992000000
          -4.80000000000            -0.426067980392
          -4.60000000000            -0.488397774979
          -4.40000000000            -0.548932645765
          -4.20000000000            -0.606592127961
          -4.00000000000            -0.660285000000
          -3.80000000000            -0.708931654816
          -3.60000000000            -0.751487365387
          -3.40000000000            -0.786965887000
          -3.20000000000            -0.814462802834
          -3.00000000000            -0.833178000000
          -2.80000000000            -0.842436661654
          -2.60000000000            -0.841708177835
          -2.40000000000            -0.830622413538
          -2.20000000000            -0.808982826688
          -2.00000000000            -0.776776000000
          -1.80000000000            -0.734177237341
          -1.60000000000            -0.681551974923
          -1.40000000000            -0.619452867354
          -1.20000000000            -0.548612525150
          -1.00000000000            -0.469932000000
         -0.800000000000            -0.384465233183
         -0.600000000000            -0.293399797166
         -0.400000000000            -0.198034366857
         -0.200000000000          -9.975345173496E-02
        5.551115123126E-16         2.775553844851E-16
          0.200000000000           9.975345173496E-02
          0.400000000000             0.198034366857
          0.600000000000             0.293399797166
          0.800000000000             0.384465233183
           1.00000000000             0.469932000000
           1.20000000000             0.548612525150
           1.40000000000             0.619452867354
           1.60000000000             0.681551974923
           1.80000000000             0.734177237341
           2.00000000000             0.776776000000
           2.20000000000             0.808982826688
           2.40000000000             0.830622413538
           2.60000000000             0.841708177835
           2.80000000000             0.842436661654
           3.00000000000             0.833178000000
           3.20000000000             0.814462802834
           3.40000000000             0.786965887000
           3.60000000000             0.751487365387
           3.80000000000             0.708931654816
           4.00000000000             0.660285000000
           4.20000000000             0.606592127961
           4.40000000000             0.548932645765
           4.60000000000             0.488397774979
           4.80000000000             0.426067980392
           5.00000000000             0.362992000000
           5.20000000000             0.300167720345
           5.40000000000             0.238525268576
           5.60000000000             0.178912612759
           5.80000000000             0.122083877939
           6.00000000000           6.869050000000E-02
           6.20000000000           1.927525531275E-02
           6.40000000000          -2.573087594003E-02
           6.60000000000          -6.600912852091E-02
           6.80000000000            -0.101350833835
           7.00000000000            -0.131653000000
           7.20000000000            -0.156911868270
           7.40000000000            -0.177214753206
           7.60000000000            -0.192730489934
           7.80000000000            -0.203698814980
           8.00000000000            -0.210419000000
           8.20000000000            -0.213238045319
           8.40000000000            -0.212538731800
           8.60000000000            -0.208727840637
           8.80000000000            -0.202224905734
           9.00000000000            -0.193452000000
           9.20000000000            -0.182825331167
           9.40000000000            -0.170749916075
           9.60000000000            -0.157619430554
           9.80000000000            -0.143824657373
           10.0000000000            -0.129776000000
